5 0 0 0 0 0 5.5
5 3.68811e-15 3.68811e-15 3.68811e-15 3.68811e-15 3.68811e-15 5.5
5 3.68819e-15 3.68819e-15 3.68819e-15 3.68819e-15 3.68819e-15 5.5
5 3.68829e-15 3.68829e-15 3.68829e-15 3.68829e-15 3.68829e-15 5.5
5 3.68844e-15 3.68844e-15 3.68844e-15 3.68844e-15 3.68844e-15 5.5
5 3.68849e-15 3.68849e-15 3.68849e-15 3.68849e-15 3.68849e-15 5.5
5 3.68871e-15 3.68871e-15 3.68871e-15 3.68871e-15 3.68871e-15 5.5
5 3.68877e-15 3.68877e-15 3.68877e-15 3.68877e-15 3.68877e-15 5.5
5 3.68882e-15 3.68882e-15 3.68882e-15 3.68882e-15 3.68882e-15 5.5
5 3.68888e-15 3.68888e-15 3.68888e-15 3.68888e-15 3.68888e-15 5.5
